feature_extract_enable : 0
point_filter_num : 2
max_iteration : 10
dense_map_enable : 1
filter_size_surf : 0.15
filter_size_map : 0.3
cube_side_length : 20
grid_size : 40
patch_size : 8
img_enable : 1
lidar_enable : 1
outlier_threshold : 300 # 78 100 156
ncc_en: false
ncc_thre: 0
img_point_cov : 100 # 1000
laser_point_cov : 0.001 # 0.001
delta_time: 0.0

common:
    lid_topic:  "/livox/lidar"
    imu_topic:  "/livox/imu"

preprocess:
    lidar_type: 1 # 1:Livox Avia LiDAR  2:VELO16  3:OUST64  4:XT32 
    scan_line: 6 # 16  64  32
    blind: 2 # blind x m disable

mapping:
    acc_cov_scale: 100
    gyr_cov_scale: 10000
    extrinsic_T: [ 0.04165, 0.02326, -0.0284 ]
    extrinsic_R: [ 1, 0, 0,
                   0, 1, 0,
                   0, 0, 1]

pcd_save:
    pcd_save_en: True

camera:
    img_topic: /left_camera/image
    Rcl: [-0.00143,  -0.99997,  -0.00776,
        -0.00282  ,0.00777   ,-0.99997,
        1.00000   ,-0.00141  ,-0.00283]
    Pcl: [-0.01313 , 0.05463, -0.31959]

    # Rcl: [-0.00111,  -0.99983,  -0.01825,
    #        0.00008,   0.01825,   -0.99983,
    #        1.00000,   -0.00111,  0.00006]
    # Pcl: [-0.04108, 0.08919, -0.31152]

# -0.00143  -0.99997  -0.00776  -0.01313  
# -0.00282  0.00777   -0.99997  0.05463   
# 1.00000   -0.00141  -0.00283  -0.31959  
# 0.00000   0.00000   0.00000   1.00000   

