cam_model: Pinhole
cam_width: 1440
cam_height: 1080
cam_fx: 1740.352503
cam_fy: 1740.616903
cam_cx: 706.1309588
cam_cy: 559.7075704
cam_d0: -0.06006873285
cam_d1: 0.1056726345
cam_d2: 0.0003406191093
cam_d3: -0.0006858154799
 
 
 
 